"Bacteria";"Time";"RegionCode";"RegionName";"Aminoglycosides_r_percentage";"Aminopenicillins_r_percentage";"Carbapenems_r_percentage";"Fluoroquinolones_r_percentage";"Third-generation cephalosporins_r_percentage"
"Escherichia coli";2000;"EL";"Greece";0,0446927374;0,4225352112;0,0106382978;0,0428571428;0,0360110803
"Escherichia coli";2000;"NL";"Netherlands";0,0201288244;0,3728036669;0,0028901734;0,0336065573;0,0010235414
"Escherichia coli";2000;"NO";"Norway";0,0098591549;0,2567237163;0,0016181229;0,0165605095;0,0032679738
"Escherichia coli";2001;"AT";"Austria";0,0153846153;0,3474903474;0;0,0703517587;0
"Escherichia coli";2001;"BG";"Bulgaria";0,1578947368;0,476744186;0;0,0786516853;0,0666666666
"Escherichia coli";2001;"CZ";"Czechia";0,0544217687;0,4243733794;0;0,0809199318;0,0231362467
"Escherichia coli";2001;"DE";"Germany";0,0494023904;0,4563492063;0;0,1116544417;0,007154213
"Escherichia coli";2001;"EE";"Estonia";0,0784313725;0,4347826086;0;0;0,0588235294
"Escherichia coli";2001;"EL";"Greece";0,0474516695;0,4875717017;0,0101522842;0,094619666;0,0544815465
"Escherichia coli";2001;"ES";"Spain";0,0682779456;0,5709969788;0,0009487666;0,1725181598;0,0061898211
"Escherichia coli";2001;"FI";"Finland";0,0008920606;0,3336267605;0;0,0540315876;0,0016570008
"Escherichia coli";2001;"HR";"Croatia";0,0604395604;0,5082872928;0;0,0451977401;0,0164835164
"Escherichia coli";2001;"HU";"Hungary";0,0368852459;0,4639175257;0;0,0505836575;0,0038167938
"Escherichia coli";2001;"IS";"Iceland";0,0352941176;0,4186046511;0;0,037037037;0
"Escherichia coli";2001;"LU";"Luxembourg";0,0466321243;0,4385026737;0;0,0423280423;0,0053475935
"Escherichia coli";2001;"MT";"Malta";0,1076923076;0,2615384615;0;0,1538461538;0
"Escherichia coli";2001;"NL";"Netherlands";0,0223463687;0,3876772082;0,0010718113;0,0541989279;0,0055325034
"Escherichia coli";2001;"NO";"Norway";0,0075662042;0,269183922;0;0,013064133;0,0031120331
"Escherichia coli";2002;"AT";"Austria";0,0357894736;0,3270042194;0;0,1016949152;0,0125786163
"Escherichia coli";2002;"BG";"Bulgaria";0,1666666666;0,5190839694;0;0,1407407407;0,1333333333
"Escherichia coli";2002;"DE";"Germany";0,0507042253;0,4953095684;0;0,1451310861;0,0093984962
"Escherichia coli";2002;"EE";"Estonia";0,1044776119;0,4210526315;0;0,0491803278;0,0153846153
"Escherichia coli";2002;"EL";"Greece";0,0632911392;0,4535519125;0,0035971223;0,1313993174;0,0636833046
"Escherichia coli";2002;"ES";"Spain";0,0751515151;0,6010466988;0;0,1928974979;0,0157575757
"Escherichia coli";2002;"FI";"Finland";0,0083752093;0,3035870516;0;0,0634184068;0,0062992125
"Escherichia coli";2002;"FR";"France";0,0424849699;0,5228731942;0;0,0818948213;0,0076152304
"Escherichia coli";2002;"HR";"Croatia";0,0673469387;0,4714285714;0;0,0530612244;0,0285714285
"Escherichia coli";2002;"HU";"Hungary";0,0606936416;0,4529914529;0;0,1036585365;0,02
"Escherichia coli";2002;"IE";"Ireland";0,0247933884;0,616643929;0;0,0513176144;0,0218579234
"Escherichia coli";2002;"IS";"Iceland";0,0121951219;0,1851851851;0;0,027027027;0
"Escherichia coli";2002;"LU";"Luxembourg";0,03626943;0,4285714285;0;0,0943396226;0,0052083333
"Escherichia coli";2002;"MT";"Malta";0,0675675675;0,4324324324;0;0,1216216216;0,027027027
"Escherichia coli";2002;"NL";"Netherlands";0,0236586396;0,3952321204;0;0,0542844324;0,0100300902
"Escherichia coli";2002;"NO";"Norway";0,007070707;0,285;0,0013280212;0,0171026156;0,0017889087
"Escherichia coli";2002;"RO";"Romania";0,16;0,5;0;0,2;0,1785714285
"Escherichia coli";2002;"SI";"Slovenia";0,0342298288;0,4327628361;0;0,1198044009;0,0122249388
"Escherichia coli";2002;"SK";"Slovakia";0,0325581395;0,4930232558;0,0067567567;0,144859813;0,0186915887
"Escherichia coli";2003;"AT";"Austria";0,0468431771;0,4065372829;0,0015082956;0,1412487205;0,0184237461
"Escherichia coli";2003;"BG";"Bulgaria";0,2215189873;0,5448717948;0;0,193548387;0,1835443037
"Escherichia coli";2003;"CY";"Cyprus";0,1052631578;0,6315789473;0;0,3157894736;0,1052631578
"Escherichia coli";2003;"DE";"Germany";0,0525252525;0,474059003;0;0,139607032;0,006060606
"Escherichia coli";2003;"EE";"Estonia";0,0306122448;0,4239130434;0;0,0459770114;0,0103092783
"Escherichia coli";2003;"EL";"Greece";0,0550284629;0,4383282364;0,0038095238;0,122659176;0,0560224089
"Escherichia coli";2003;"ES";"Spain";0,0727548313;0,58;0;0,209928003;0,0422641509
"Escherichia coli";2003;"FI";"Finland";0,0123152709;0,3300813008;0;0,0510204081;0,0103016924
"Escherichia coli";2003;"FR";"France";0,051214128;0,4967860422;0;0,0932390631;0,0097087378
"Escherichia coli";2003;"HR";"Croatia";0,0719298245;0,4631578947;0;0,071297989;0,0438596491
"Escherichia coli";2003;"HU";"Hungary";0,0774731823;0,491017964;0;0,1490147783;0,0095124851
"Escherichia coli";2003;"IE";"Ireland";0,0371900826;0,614124872;0,0013422818;0,0955882352;0,0218068535
"Escherichia coli";2003;"IS";"Iceland";0,0204081632;0,4242424242;0;0,0555555555;0,0101010101
"Escherichia coli";2003;"LU";"Luxembourg";0,0352422907;0,4933920704;0;0,1194690265;0,0088105726
"Escherichia coli";2003;"MT";"Malta";0,1758241758;0,3863636363;0;0,2444444444;0,0219780219
"Escherichia coli";2003;"NL";"Netherlands";0,0295378751;0,4452088452;0;0,0721951219;0,0145945945
"Escherichia coli";2003;"NO";"Norway";0,0044642857;0,3387559808;0;0,0187265917;0,002548853
"Escherichia coli";2003;"RO";"Romania";0,2083333333;0,6956521739;0;0,14;0,1875
"Escherichia coli";2003;"SI";"Slovenia";0,0224438902;0,4139650872;0;0,1122194513;0,0074812967
"Escherichia coli";2003;"SK";"Slovakia";0,0590717299;0,5355648535;0;0,2016806722;0,0041841004
"Escherichia coli";2004;"AT";"Austria";0,0550708833;0,4579489962;0,0023809523;0,1672060409;0,0253232758
"Escherichia coli";2004;"BG";"Bulgaria";0,20625;0,6397515527;0;0,2392638036;0,2155688622
"Escherichia coli";2004;"CY";"Cyprus";0,1086956521;0,6086956521;0;0,2173913043;0,0869565217
"Escherichia coli";2004;"DE";"Germany";0,0428336079;0,5481727574;0,0069444444;0,2434928631;0,018961253
"Escherichia coli";2004;"EE";"Estonia";0,0180722891;0,5454545454;0;0,0641025641;0,0361445783
"Escherichia coli";2004;"EL";"Greece";0,0576241134;0,4584178498;0,0017905102;0,1161751563;0,0603907637
"Escherichia coli";2004;"ES";"Spain";0,07421311;0,5987316229;0;0,2538949798;0,065317919
"Escherichia coli";2004;"FI";"Finland";0,0225140712;0,3271428571;0,0006583278;0,0725952813;0,0152314001
"Escherichia coli";2004;"FR";"France";0,0428969359;0,4682752457;0;0,0822695035;0,0095120662
"Escherichia coli";2004;"HR";"Croatia";0,0579439252;0,4467289719;0;0,0823970037;0,0261682242
"Escherichia coli";2004;"HU";"Hungary";0,0952380952;0,5456453305;0,0023529411;0,1942286348;0,0322580645
"Escherichia coli";2004;"IE";"Ireland";0,0527182866;0,6457654723;0;0,1211871393;0,0192629815
"Escherichia coli";2004;"IS";"Iceland";0,0084745762;0,4322033898;0;0,017699115;0
"Escherichia coli";2004;"LU";"Luxembourg";0,037037037;0,4861111111;0;0,1759259259;0,0046296296
"Escherichia coli";2004;"MT";"Malta";0,1978021978;0,4777777777;0;0,3555555555;0,0439560439
"Escherichia coli";2004;"NL";"Netherlands";0,0318930041;0,4310618066;0,0025531914;0,0659871244;0,0142857142
"Escherichia coli";2004;"NO";"Norway";0,0084104289;0,3181434599;0;0,0436760691;0,0066061106
"Escherichia coli";2004;"PL";"Poland";0,0523560209;0,445026178;0;0,0855614973;0,0523560209
"Escherichia coli";2004;"RO";"Romania";0,2727272727;0,7906976744;0,027027027;0,2093023255;0,2291666666
"Escherichia coli";2004;"SI";"Slovenia";0,0436300174;0,3961605584;0;0,1239092495;0,0139616055
"Escherichia coli";2004;"SK";"Slovakia";0,1214285714;0,6241134751;0;0,2402597402;0,0714285714
"Escherichia coli";2005;"AT";"Austria";0,0541992187;0,4853658536;0,002108222;0,1937530502;0,0420332355
"Escherichia coli";2005;"BG";"Bulgaria";0,2287234042;0,6878306878;0;0,2857142857;0,2807881773
"Escherichia coli";2005;"CY";"Cyprus";0,12;0,72;0;0,2876712328;0,16
"Escherichia coli";2005;"CZ";"Czechia";0,0622202327;0,5022381378;0;0,2024182713;0,0223914017
"Escherichia coli";2005;"DE";"Germany";0,0594369134;0,5370177267;0,0024752475;0,2340647857;0,0167189132
"Escherichia coli";2005;"DK";"Denmark";0,0194855806;0,3982852689;0;0,0474934036;0,0114942528
"Escherichia coli";2005;"EE";"Estonia";0,0389610389;0,4503311258;0;0,0529801324;0,0129032258
"Escherichia coli";2005;"EL";"Greece";0,0676031606;0,4639076034;0,0035335689;0,1232394366;0,07023705
"Escherichia coli";2005;"ES";"Spain";0,0982948846;0,6186978297;0,0003624501;0,2816572001;0,077410744
"Escherichia coli";2005;"FI";"Finland";0,0204545454;0,3508887425;0;0,074010327;0,0177267987
"Escherichia coli";2005;"FR";"France";0,0477212681;0,5015728766;0;0,1101526211;0,013881748
"Escherichia coli";2005;"HR";"Croatia";0,0423861852;0,4552590266;0;0,0879120879;0,0078492935
"Escherichia coli";2005;"HU";"Hungary";0,0895091434;0,5145631067;0,0010405827;0,2192347466;0,0374639769
"Escherichia coli";2005;"IE";"Ireland";0,0745209368;0,6680731364;0;0,1686746987;0,0356125356
"Escherichia coli";2005;"IS";"Iceland";0,0076923076;0,375;0;0,0341880341;0
"Escherichia coli";2005;"LU";"Luxembourg";0,0744680851;0,4893617021;0;0,1861702127;0,0319148936
"Escherichia coli";2005;"MT";"Malta";0,0705882352;0,5058823529;0;0,3058823529;0,0117647058
"Escherichia coli";2005;"NL";"Netherlands";0,0373917008;0,4845938375;0,0007168458;0,0993470149;0,0248021108
"Escherichia coli";2005;"NO";"Norway";0,0173062452;0,3355957767;0;0,0468364831;0,0082831325
"Escherichia coli";2005;"RO";"Romania";0,1481481481;0,7777777777;0;0,0886075949;0,1666666666
"Escherichia coli";2005;"SE";"Sweden";0,0134796238;0,2607555089;0;0,0632202831;0,0128125
"Escherichia coli";2005;"SI";"Slovenia";0,0380517503;0,4207317073;0;0,1202435312;0,0167427701
"Escherichia coli";2005;"SK";"Slovakia";0,1030927835;0,5876288659;0;0,1439393939;0,0824742268
"Escherichia coli";2006;"AT";"Austria";0,0760517799;0,5334143377;0,0028392958;0,2208688591;0,0659651962
"Escherichia coli";2006;"BG";"Bulgaria";0,2819148936;0,638418079;0;0,2617801047;0,2857142857
"Escherichia coli";2006;"CY";"Cyprus";0,0777777777;0,6222222222;0;0,3483146067;0,1555555555
"Escherichia coli";2006;"CZ";"Czechia";0,0617742684;0,5568445475;0;0,2322761194;0,0513888888
"Escherichia coli";2006;"DE";"Germany";0,0988235294;0,6030624263;0,001345895;0,2927981109;0,0424528301
"Escherichia coli";2006;"DK";"Denmark";0,0294009555;0,4151359294;0,006060606;0,0662447257;0,0244698205
"Escherichia coli";2006;"EE";"Estonia";0,0234741784;0,5209302325;0;0,0656565656;0,0046948356
"Escherichia coli";2006;"EL";"Greece";0,068855084;0,4553794829;0,0040749796;0,1448;0,0607513988
"Escherichia coli";2006;"ES";"Spain";0,0919369235;0,63514719;0,0003229974;0,2800595238;0,0713860797
"Escherichia coli";2006;"FI";"Finland";0,0217391304;0,3630136986;0;0,0821333333;0,0181526962
"Escherichia coli";2006;"FR";"France";0,0595947556;0,5285242809;0;0,1382224234;0,0196516301
"Escherichia coli";2006;"HR";"Croatia";0,0592020592;0,5089743589;0;0,1546391752;0,0141570141
"Escherichia coli";2006;"HU";"Hungary";0,1217777777;0,5324444444;0,0019398642;0,2661064425;0,04964539
"Escherichia coli";2006;"IE";"Ireland";0,0698957694;0,6899509803;0;0,2097470697;0,0350338045
"Escherichia coli";2006;"IS";"Iceland";0,0692307692;0,4453125;0;0,1157024793;0
"Escherichia coli";2006;"LT";"Lithuania";0,1461988304;0,5508982035;0;0,1228070175;0,0467836257
"Escherichia coli";2006;"LV";"Latvia";0,0483870967;0,4354838709;0;0,1;0,064516129
"Escherichia coli";2006;"MT";"Malta";0,1489361702;0,5638297872;0;0,3191489361;0,0425531914
"Escherichia coli";2006;"NL";"Netherlands";0,0345313601;0,4729030031;0,0004730368;0,1120507399;0,0328425821
"Escherichia coli";2006;"NO";"Norway";0,0191082802;0,3458359821;0,0007230657;0,0486815415;0,0139860139
"Escherichia coli";2006;"RO";"Romania";0,4;0,8484848484;0,0303030303;0,4102564102;0,4102564102
"Escherichia coli";2006;"SI";"Slovenia";0,0641562064;0,4435146443;0;0,1520223152;0,0167364016
"Escherichia coli";2006;"UK";"United Kingdom";0,0650289017;0,5679588977;0,0020422055;0,1990719257;0,0767494356
"Escherichia coli";2007;"AT";"Austria";0,070106341;0,5322580645;0,0019389238;0,2568154879;0,0887128712
"Escherichia coli";2007;"BG";"Bulgaria";0,184;0,7007874015;0;0,3464566929;0,2283464566
"Escherichia coli";2007;"CY";"Cyprus";0,1100917431;0,7247706422;0,0185185185;0,3944954128;0,1834862385
"Escherichia coli";2007;"CZ";"Czechia";0,069796427;0,5579559617;0,0022547914;0,2414796342;0,0739509763
"Escherichia coli";2007;"DE";"Germany";0,0606995884;0,5497435897;0,002096436;0,2973251028;0,0770020533
"Escherichia coli";2007;"DK";"Denmark";0,0347797283;0,4349791376;0;0,0929737402;0,0324601366
"Escherichia coli";2007;"EE";"Estonia";0,0558139534;0,5023255813;0;0,0673076923;0,0138248847
"Escherichia coli";2007;"EL";"Greece";0,0852272727;0,4837049742;0,0008230452;0,1915240423;0,0762987012
"Escherichia coli";2007;"ES";"Spain";0,0995106035;0,6165577342;0;0,304454769;0,0744884038
"Escherichia coli";2007;"FI";"Finland";0,0274341043;0,3397097625;0;0,0769625448;0,0154004106
"Escherichia coli";2007;"FR";"France";0,0570685813;0,5378036688;0;0,1479208416;0,0248724489
"Escherichia coli";2007;"HR";"Croatia";0,0593023255;0,5069767441;0,0011709601;0,1313953488;0,026744186
"Escherichia coli";2007;"HU";"Hungary";0,1056218057;0,5406330196;0;0,2630676949;0,0541012216
"Escherichia coli";2007;"IE";"Ireland";0,0940906483;0,6544622425;0;0,2130959218;0,0540229885
"Escherichia coli";2007;"IS";"Iceland";0,0571428571;0,4615384615;0;0,1666666666;0,019047619
"Escherichia coli";2007;"IT";"Italy";0,1392016376;0,5786463298;0,0010224948;0,3152507676;0,1145281018
"Escherichia coli";2007;"LT";"Lithuania";0,1234042553;0,5;0;0,0948275862;0,0680851063
"Escherichia coli";2007;"LU";"Luxembourg";0,0514705882;0,4945454545;0;0,2145454545;0,0404411764
"Escherichia coli";2007;"LV";"Latvia";0,1447368421;0,4342105263;0;0,1710526315;0,1447368421
"Escherichia coli";2007;"MT";"Malta";0,1965811965;0,5431034482;0;0,3504273504;0,1282051282
"Escherichia coli";2007;"NL";"Netherlands";0,0473568281;0,4908569379;0,0005359056;0,1258715596;0,0428122545
"Escherichia coli";2007;"NO";"Norway";0,0298071303;0,3849299065;0;0,0708661417;0,0215995329
"Escherichia coli";2007;"PT";"Portugal";0,1217634709;0,5865921787;0,0041152263;0,2984859408;0,097037037
"Escherichia coli";2007;"RO";"Romania";0,3606557377;0,7551020408;0;0,2666666666;0,2741935483
"Escherichia coli";2007;"SE";"Sweden";0,0224418915;0,3287604115;0;0,1032258064;0,0226848145
"Escherichia coli";2007;"SI";"Slovenia";0,0681551116;0,491186839;0;0,1715628672;0,0423031727
"Escherichia coli";2007;"UK";"United Kingdom";0,0722358722;0,5520190023;0,0006480881;0,1789719626;0,0940919037
"Escherichia coli";2008;"AT";"Austria";0,0653923541;0,5048674051;0,00166044;0,2292436974;0,0741239892
"Escherichia coli";2008;"BG";"Bulgaria";0,3061224489;0,6484375;0;0,3150684931;0,2925170068
"Escherichia coli";2008;"CY";"Cyprus";0,1008403361;0,5798319327;0;0,4537815126;0,1932773109
"Escherichia coli";2008;"CZ";"Czechia";0,0821767713;0,5997078159;0,0004732607;0,2602339181;0,0986121256
"Escherichia coli";2008;"DE";"Germany";0,0687306501;0,549;0;0,2341614906;0,0483570985
"Escherichia coli";2008;"DK";"Denmark";0,0408785845;0,432358318;0,0005151983;0,1017229953;0,0405785456
"Escherichia coli";2008;"EE";"Estonia";0,0458015267;0,469924812;0,0088495575;0,0674603174;0,0458015267
"Escherichia coli";2008;"EL";"Greece";0,1461061337;0,5028011204;0,0034674063;0,22406639;0,0993150684
"Escherichia coli";2008;"ES";"Spain";0,1090858878;0,6296603148;0;0,3252077562;0,0901820187
"Escherichia coli";2008;"FI";"Finland";0,0359922178;0,3478506787;0,0004826254;0,0872451398;0,0210828941
"Escherichia coli";2008;"FR";"France";0,0649231173;0,5394159669;0,0001418238;0,1569806279;0,0381727158
"Escherichia coli";2008;"HR";"Croatia";0,0514223194;0,5273522975;0;0,1498905908;0,0382932166
"Escherichia coli";2008;"HU";"Hungary";0,1283269961;0,589645254;0,0010152284;0,2612440191;0,0917691579
"Escherichia coli";2008;"IE";"Ireland";0,0910551687;0,6736222578;0;0,2262931034;0,0591715976
"Escherichia coli";2008;"IS";"Iceland";0,0650406504;0,4390243902;0;0,0608695652;0,0081300813
"Escherichia coli";2008;"IT";"Italy";0,1366061899;0,6161187698;0;0,3759647188;0,1590612777
"Escherichia coli";2008;"LT";"Lithuania";0,1225165562;0,5394736842;0;0,1381578947;0,0559210526
"Escherichia coli";2008;"LU";"Luxembourg";0,0759075907;0,5562913907;0;0,2211221122;0,0629139072
"Escherichia coli";2008;"LV";"Latvia";0,1;0,4777777777;0;0,1444444444;0,1111111111
"Escherichia coli";2008;"MT";"Malta";0,21875;0,515625;0;0,3359375;0,2096774193
"Escherichia coli";2008;"NL";"Netherlands";0,0565789473;0,4762532981;0,0004508566;0,1439427805;0,0462147887
"Escherichia coli";2008;"NO";"Norway";0,0322760155;0,3781979977;0,0006476683;0,0733482642;0,0255697609
"Escherichia coli";2008;"PT";"Portugal";0,1354679802;0,5845679012;0;0,2859860494;0,101010101
"Escherichia coli";2008;"RO";"Romania";0,2352941176;0,5483870967;0;0,2692307692;0,2363636363
"Escherichia coli";2008;"SE";"Sweden";0,022597467;0,3194257514;0;0,102793296;0,0225806451
"Escherichia coli";2008;"SI";"Slovenia";0,0652173913;0,4942791762;0;0,1693363844;0,0423340961
"Escherichia coli";2008;"UK";"United Kingdom";0,0702028081;0,6057855927;0,0013927576;0,1510548523;0,0693114455
"Escherichia coli";2009;"AT";"Austria";0,0593518156;0,4859884836;0,0014251781;0,2048929663;0,0754716981
"Escherichia coli";2009;"BG";"Bulgaria";0,171875;0,6629834254;0,0066225165;0,2797927461;0,1917098445
"Escherichia coli";2009;"CY";"Cyprus";0,0955882352;0,6617647058;0;0,4338235294;0,1397058823
"Escherichia coli";2009;"CZ";"Czechia";0,0806863818;0,6063791228;0,0005966587;0,2316896301;0,097861544
"Escherichia coli";2009;"DE";"Germany";0,0840787119;0,5607043558;0;0,2340272792;0,0815512866
"Escherichia coli";2009;"DK";"Denmark";0,0441926345;0,4293401302;0;0,131826189;0,0617375231
"Escherichia coli";2009;"EE";"Estonia";0,0344827586;0,382445141;0;0,0827814569;0,0219435736
"Escherichia coli";2009;"EL";"Greece";0,1433278418;0,5088547815;0,0071823204;0,2342192691;0,1013774104
"Escherichia coli";2009;"ES";"Spain";0,1296490309;0,6472127715;0;0,3149606299;0,1130594085
"Escherichia coli";2009;"FI";"Finland";0,0280373831;0,3635886673;0;0,0917678812;0,0280330882
"Escherichia coli";2009;"FR";"France";0,0782433712;0,5547652916;0,0002586987;0,1855620735;0,0672268907
"Escherichia coli";2009;"HU";"Hungary";0,1587452471;0,5978987583;0;0,3049713193;0,1292775665
"Escherichia coli";2009;"IE";"Ireland";0,0851169736;0,6648213387;0;0,2169576059;0,0649546827
"Escherichia coli";2009;"IS";"Iceland";0,0727272727;0,495412844;0;0,0707070707;0,0181818181
"Escherichia coli";2009;"IT";"Italy";0,1407894736;0,6335078534;0;0,361529548;0,1703056768
"Escherichia coli";2009;"LT";"Lithuania";0,1515151515;0,5841924398;0;0,1457627118;0,0784982935
"Escherichia coli";2009;"LU";"Luxembourg";0,0897009966;0,5719063545;0;0,2558139534;0,0830564784
"Escherichia coli";2009;"LV";"Latvia";0,1162790697;0,4302325581;0,0235294117;0,2352941176;0,1162790697
"Escherichia coli";2009;"MT";"Malta";0,2088607594;0,5443037974;0,0126582278;0,3037974683;0,1455696202
"Escherichia coli";2009;"NL";"Netherlands";0,0444258172;0,4510385756;0;0,1102229701;0,042652027
"Escherichia coli";2009;"NO";"Norway";0,0331341662;0,3723577235;0;0,0868852459;0,0227518959
"Escherichia coli";2009;"PL";"Poland";0,0648648648;0,6468172484;0;0,2310405643;0,0907534246
"Escherichia coli";2009;"PT";"Portugal";0,1057550418;0,5831162063;0,0018007202;0,2772427774;0,0920502092
"Escherichia coli";2009;"RO";"Romania";0,1578947368;0,6;0;0,1818181818;0,1355932203
"Escherichia coli";2009;"SI";"Slovenia";0,0985442329;0,5285554311;0;0,182530795;0,0459126539
"Escherichia coli";2009;"UK";"United Kingdom";0,0737647877;0,6163702928;0,0002891008;0,1803874092;0,0935835658
"Escherichia coli";2010;"AT";"Austria";0,0621993127;0,5061475409;0,0004056795;0,2088888888;0,0725530458
"Escherichia coli";2010;"BE";"Belgium";0,0561868686;0,5692386305;0;0,2154882154;0,0517418032
"Escherichia coli";2010;"BG";"Bulgaria";0,1466666666;0,7183098591;0;0,3311258278;0,248366013
"Escherichia coli";2010;"CY";"Cyprus";0,1594202898;0,6204379562;0,0072463768;0,4275362318;0,2014388489
"Escherichia coli";2010;"CZ";"Czechia";0,0792807519;0,5933091495;0,0006071645;0,2273276904;0,1035455278
"Escherichia coli";2010;"DE";"Germany";0,0867262495;0,544010589;0,0003411804;0,2475969506;0,0835820895
"Escherichia coli";2010;"DK";"Denmark";0,0583235638;0,457796014;0;0,1373973468;0,0759966777
"Escherichia coli";2010;"EE";"Estonia";0,0490566037;0,3745173745;0;0,0836501901;0,0550161812
"Escherichia coli";2010;"EL";"Greece";0,1658986175;0,5230664857;0,003949967;0,2440633245;0,1420039814
"Escherichia coli";2010;"ES";"Spain";0,1409761235;0,6453651685;0,0001755617;0,3275983146;0,1211376404
"Escherichia coli";2010;"FI";"Finland";0,0377758913;0,3381062355;0;0,0921568627;0,0374651255
"Escherichia coli";2010;"FR";"France";0,0707003546;0,5457469224;0;0,1754191184;0,0724894701
"Escherichia coli";2010;"HR";"Croatia";0,0637087599;0,5296;0,0034403669;0,1700913242;0,0873015873
"Escherichia coli";2010;"HU";"Hungary";0,1986947063;0,6528614457;0,001525553;0,3657644476;0,1945046999
"Escherichia coli";2010;"IE";"Ireland";0,0968809073;0,6680810938;0;0,2286254133;0,0769230769
"Escherichia coli";2010;"IS";"Iceland";0,0288461538;0,46;0;0,1052631578;0,0384615384
"Escherichia coli";2010;"IT";"Italy";0,1624177631;0,6424825174;0,001156961;0,3920361247;0,2104175279
"Escherichia coli";2010;"LT";"Lithuania";0,1419939577;0,5592705167;0;0,1351351351;0,087087087
"Escherichia coli";2010;"LU";"Luxembourg";0,0649717514;0,6317280453;0;0,2627118644;0,0932203389
"Escherichia coli";2010;"LV";"Latvia";0,1134020618;0,5;0;0,1443298969;0,1224489795
"Escherichia coli";2010;"MT";"Malta";0,2239583333;0,4427083333;0;0,34375;0,15625
"Escherichia coli";2010;"NL";"Netherlands";0,0715962441;0,4762044653;0;0,1358169551;0,0513728963
"Escherichia coli";2010;"NO";"Norway";0,0431878895;0,3822751322;0;0,087340097;0,0369230769
"Escherichia coli";2010;"PL";"Poland";0,0920245398;0,6022727272;0,0014224751;0,2575976845;0,0752688172
"Escherichia coli";2010;"PT";"Portugal";0,1202627589;0,5581983805;0,0027720027;0,2727745965;0,104253112
"Escherichia coli";2010;"RO";"Romania";0,1212121212;0,8260869565;0;0,2424242424;0,2058823529
"Escherichia coli";2010;"SE";"Sweden";0,0344420853;0,344680851;0,0002586652;0,1050525262;0,029082774
"Escherichia coli";2010;"SI";"Slovenia";0,0882352941;0,4803400637;0;0,1932773109;0,0661764705
"Escherichia coli";2010;"UK";"United Kingdom";0,0827754108;0,6231655001;0,0002484472;0,1730010384;0,0897294919
"Escherichia coli";2011;"AT";"Austria";0,0726809053;0,50317662;0,0003687315;0,2226438962;0,0914556962
"Escherichia coli";2011;"BE";"Belgium";0,0711545169;0,5865412033;0;0,2152719075;0,0604767879
"Escherichia coli";2011;"BG";"Bulgaria";0,1761363636;0,6052631578;0;0,3016759776;0,2290502793
"Escherichia coli";2011;"CY";"Cyprus";0,2318840579;0,7761194029;0,0072463768;0,4744525547;0,3623188405
"Escherichia coli";2011;"CZ";"Czechia";0,0820224719;0,6067834513;0;0,2348993288;0,1136363636
"Escherichia coli";2011;"DE";"Germany";0,075994513;0,5228147333;0,0002783189;0,2373487348;0,0796265788
"Escherichia coli";2011;"DK";"Denmark";0,0640461792;0,4791094007;0;0,1406642478;0,0849131121
"Escherichia coli";2011;"EL";"Greece";0,1673640167;0,5451040863;0,0088731144;0,265875785;0,1491289198
"Escherichia coli";2011;"ES";"Spain";0,1481349277;0,6564735336;0,0001787949;0,3448275862;0,1198214285
"Escherichia coli";2011;"FI";"Finland";0,0519867549;0,3732332155;0;0,109602649;0,05
"Escherichia coli";2011;"FR";"France";0,0776710134;0,5506602914;0,0002352111;0,1792040487;0,0817313362
"Escherichia coli";2011;"HR";"Croatia";0,0710607621;0,5528205128;0;0,2027310924;0,0956256358
"Escherichia coli";2011;"HU";"Hungary";0,1455437448;0,6468213925;0,0008688097;0,3116240725;0,1511437908
"Escherichia coli";2011;"IE";"Ireland";0,1011600928;0,695467422;0;0,2294472828;0,0895660203
"Escherichia coli";2011;"IT";"Italy";0,2074592074;0,67124183;0,0016181229;0,4054765666;0,1983957219
"Escherichia coli";2011;"LU";"Luxembourg";0,0790960451;0,5212464589;0;0,2407932011;0,0821529745
"Escherichia coli";2011;"LV";"Latvia";0,106870229;0,5461538461;0;0,1679389312;0,159090909
"Escherichia coli";2011;"MT";"Malta";0,1506849315;0,5296803652;0;0,3196347031;0,1278538812
"Escherichia coli";2011;"NL";"Netherlands";0,0781038374;0,4854237288;0;0,1427603343;0,0573956442
"Escherichia coli";2011;"NO";"Norway";0,0408906882;0,3909056171;0,0003863987;0,0898203592;0,0364645263
"Escherichia coli";2011;"PL";"Poland";0,0825852782;0,6199143468;0,0009398496;0,273444347;0,1172707889
"Escherichia coli";2011;"PT";"Portugal";0,1381243628;0,565461029;0;0,2723004694;0,1125723303
"Escherichia coli";2011;"RO";"Romania";0,18;0,7083333333;0;0,28;0,2105263157
"Escherichia coli";2011;"SE";"Sweden";0,0476289086;0,346590909;0;0,1005685159;0,0364562916
"Escherichia coli";2011;"SI";"Slovenia";0,0958083832;0,5389221556;0;0,2065868263;0,0878243512
"Escherichia coli";2011;"SK";"Slovakia";0,177027027;0,6836065573;0;0,4181326116;0,3094594594
"Escherichia coli";2011;"UK";"United Kingdom";0,0809044338;0,6279069767;0,0006465517;0,1754133716;0,0962948668
"Escherichia coli";2012;"AT";"Austria";0,0626688276;0,5056551724;0,0005988023;0,2055401662;0,086522911
"Escherichia coli";2012;"BE";"Belgium";0,072757475;0,5625962031;0,0002427773;0,2216216216;0,0688308518
"Escherichia coli";2012;"BG";"Bulgaria";0,2648401826;0,7101449275;0,0261780104;0,3408071748;0,3811659192
"Escherichia coli";2012;"CY";"Cyprus";0,2102272727;0,7045454545;0;0,4204545454;0,3181818181
"Escherichia coli";2012;"CZ";"Czechia";0,0817923186;0,5681252223;0,0005783689;0,2096831612;0,114509246
"Escherichia coli";2012;"DE";"Germany";0,0706443914;0,4959154252;0,0002390057;0,2110792741;0,0883898709
"Escherichia coli";2012;"DK";"Denmark";0,0729590452;0,4522653721;0;0,1412184552;0,07860262
"Escherichia coli";2012;"EE";"Estonia";0,0756578947;0,4814814814;0;0,1414473684;0,0786885245
"Escherichia coli";2012;"EL";"Greece";0,1778425655;0,5496062992;0,0143266475;0,2908163265;0,1622397702
"Escherichia coli";2012;"ES";"Spain";0,1555947136;0,6539139633;0,0005291005;0,3385214007;0,1350493653
"Escherichia coli";2012;"FI";"Finland";0,0608085532;0,3971291866;0;0,1173308032;0,0619860847
"Escherichia coli";2012;"FR";"France";0,0812315185;0,5522450255;0;0,1784582893;0,0995503503
"Escherichia coli";2012;"HR";"Croatia";0,0699223085;0,5143805309;0;0,1704035874;0,0761589403
"Escherichia coli";2012;"HU";"Hungary";0,1709401709;0,6393072289;0;0,2893036611;0,1743444365
"Escherichia coli";2012;"IE";"Ireland";0,1069473684;0,6741090596;0;0,2428571428;0,0917832167
"Escherichia coli";2012;"IT";"Italy";0,2232510288;0,6754592557;0,0026481297;0,4205479452;0,2629295962
"Escherichia coli";2012;"LT";"Lithuania";0,0956521739;0,52494577;0;0,1469298245;0,0476190476
"Escherichia coli";2012;"LU";"Luxembourg";0,0628742514;0,5074626865;0;0,239520958;0,113772455
"Escherichia coli";2012;"LV";"Latvia";0,1168831168;0,5424836601;0;0,1447368421;0,1298701298
"Escherichia coli";2012;"MT";"Malta";0,1148325358;0,535;0;0,3014354066;0,1291866028
"Escherichia coli";2012;"NL";"Netherlands";0,0718232044;0,4901000638;0,0002127206;0,1545667447;0,059549128
"Escherichia coli";2012;"NO";"Norway";0,0575587165;0,4323873121;0;0,112908899;0,0490228552
"Escherichia coli";2012;"PL";"Poland";0,1209756097;0,6331521739;0;0,2933204259;0,1292189006
"Escherichia coli";2012;"PT";"Portugal";0,1624883936;0,594330855;0,0014698677;0,3030583873;0,135097493
"Escherichia coli";2012;"RO";"Romania";0,2432432432;0,5891891891;0;0,2903225806;0,2513089005
"Escherichia coli";2012;"SE";"Sweden";0,0581542351;0,2826086956;0,0001808645;0,1108903738;0,044608994
"Escherichia coli";2012;"SI";"Slovenia";0,0839041095;0,5042808219;0;0,2140410958;0,0950342465
"Escherichia coli";2012;"SK";"Slovakia";0,2074927953;0,649328859;0,009104704;0,4129496402;0,3073593073
"Escherichia coli";2012;"UK";"United Kingdom";0,086228482;0,6265822784;0,0021227325;0,1656785771;0,1313791276
"Escherichia coli";2013;"AT";"Austria";0,071673918;0,5131308517;0,0002349072;0,2196774947;0,0984917733
"Escherichia coli";2013;"BE";"Belgium";0,0734360834;0,5678160919;0,0004710315;0,2295161682;0,0799802517
"Escherichia coli";2013;"BG";"Bulgaria";0,3101604278;0,74375;0,0284090909;0,3743315508;0,3957219251
"Escherichia coli";2013;"CY";"Cyprus";0,2469135802;0,7716049382;0;0,5185185185;0,3888888888
"Escherichia coli";2013;"CZ";"Czechia";0,0906323977;0,5494245091;0;0,2075855062;0,1310088016
"Escherichia coli";2013;"DE";"Germany";0,069889451;0,5292122125;0,0009375585;0,2207326283;0,1074039362
"Escherichia coli";2013;"DK";"Denmark";0,0650887573;0,4630517023;0,0003531073;0,1244007065;0,0807833537
"Escherichia coli";2013;"EE";"Estonia";0,0733137829;0,4638297872;0;0,1183431952;0,0735294117
"Escherichia coli";2013;"EL";"Greece";0,1694915254;0,5639686684;0,0135350318;0,3088709677;0,1721115537
"Escherichia coli";2013;"ES";"Spain";0,1533142182;0,6512237762;0,0074311771;0,3489706378;0,1330074173
"Escherichia coli";2013;"FI";"Finland";0,0648694187;0,3728813559;0;0,1323935876;0,0706989247
"Escherichia coli";2013;"FR";"France";0,0776880661;0,5510546027;0,0011476264;0,1673453173;0,0952334055
"Escherichia coli";2013;"HR";"Croatia";0,0767716535;0,5366795366;0;0,2017543859;0,0875
"Escherichia coli";2013;"HU";"Hungary";0,1695865451;0,6094968107;0,0014760147;0,3030726256;0,1885873347
"Escherichia coli";2013;"IE";"Ireland";0,1116485288;0,6937119675;0,0004038772;0,2417271993;0,1064516129
"Escherichia coli";2013;"IT";"Italy";0,1896370331;0,6574702886;0,0062672348;0,4220977596;0,2619047619
"Escherichia coli";2013;"LT";"Lithuania";0,1072261072;0,5414746543;0;0,1593533487;0,0760368663
"Escherichia coli";2013;"LU";"Luxembourg";0,0702341137;0,5451505016;0;0,2779661016;0,1063122923
"Escherichia coli";2013;"LV";"Latvia";0,0522388059;0,5185185185;0;0,1865671641;0,1397058823
"Escherichia coli";2013;"MT";"Malta";0,0909090909;0,541322314;0;0,2975206611;0,0867768595
"Escherichia coli";2013;"NL";"Netherlands";0,0622231596;0,4750859106;0,0002115954;0,1414376321;0,0582278481
"Escherichia coli";2013;"NO";"Norway";0,0639818122;0,4297082228;0,0006495615;0,108907563;0,0552486187
"Escherichia coli";2013;"PL";"Poland";0,1067683508;0,6534296028;0;0,2734299516;0,109073359
"Escherichia coli";2013;"PT";"Portugal";0,1520119225;0,5943220022;0,0011244377;0,3162011173;0,1493651979
"Escherichia coli";2013;"RO";"Romania";0,1476510067;0,6738351254;0;0,31;0,2281879194
"Escherichia coli";2013;"SE";"Sweden";0,0604225352;0,3407079646;0,0002722199;0,1158238172;0,0520446096
"Escherichia coli";2013;"SI";"Slovenia";0,0931372549;0,5147058823;0,0008169934;0,1985294117;0,0874183006
"Escherichia coli";2013;"SK";"Slovakia";0,2403965303;0,6145038167;0;0,4034653465;0,2973977695
"Escherichia coli";2013;"UK";"United Kingdom";0,0904270164;0,6305655836;0,0004799232;0,1630465847;0,1471302763
"Escherichia coli";2014;"AT";"Austria";0,0708844688;0,5035849852;0,0002173913;0,1981904351;0,093690652
"Escherichia coli";2014;"BE";"Belgium";0,0885085574;0,5890125173;0,0003825554;0,2670257791;0,0974304068
"Escherichia coli";2014;"BG";"Bulgaria";0,291005291;0,7295597484;0,0050761421;0,3860465116;0,4036697247
"Escherichia coli";2014;"CY";"Cyprus";0,1764705882;0,7124183006;0;0,4640522875;0,2875816993
"Escherichia coli";2014;"CZ";"Czechia";0,1067472306;0,5436534586;0;0,2160618279;0,1396910678
"Escherichia coli";2014;"DE";"Germany";0,0690262652;0,5172289373;0,0006403073;0,2059062145;0,1053474223
"Escherichia coli";2014;"DK";"Denmark";0,0727798798;0,4489977728;0,0002534211;0,1225217197;0,0700680272
"Escherichia coli";2014;"EE";"Estonia";0,0681265206;0,4712643678;0;0,1228501228;0,0926829268
"Escherichia coli";2014;"EL";"Greece";0,1558558558;0,5572374645;0,0115864527;0,3276018099;0,2103386809
"Escherichia coli";2014;"ES";"Spain";0,1506872852;0,6491318549;0,0005157297;0,340323135;0,123346504
"Escherichia coli";2014;"FI";"Finland";0,0455855383;0,3467230443;0;0,1103586656;0,0543776502
"Escherichia coli";2014;"FR";"France";0,0772652548;0,55874092;0,0001031672;0,1764820025;0,0994298966
"Escherichia coli";2014;"HR";"Croatia";0,1086350974;0,5403899721;0;0,2005597014;0,1084337349
"Escherichia coli";2014;"HU";"Hungary";0,1472049689;0,5907673112;0;0,2843866171;0,1642989499
"Escherichia coli";2014;"IE";"Ireland";0,1208872458;0,6874536005;0,0003707823;0,2452830188;0,1073950204
"Escherichia coli";2014;"IS";"Iceland";0,0526315789;0,4304635761;0;0,0780141843;0,0328947368
"Escherichia coli";2014;"IT";"Italy";0,1935299169;0,6542699724;0,0021645021;0,4392651494;0,2866811044
"Escherichia coli";2014;"LT";"Lithuania";0,1061643835;0,5779661016;0;0,1283783783;0,0808080808
"Escherichia coli";2014;"LU";"Luxembourg";0,0790190735;0,5956873315;0,0027173913;0,2472826086;0,1195652173
"Escherichia coli";2014;"LV";"Latvia";0,0828729281;0,4835164835;0;0,1767955801;0,109090909
"Escherichia coli";2014;"MT";"Malta";0,0970149253;0,5298507462;0;0,2873134328;0,1082089552
"Escherichia coli";2014;"NL";"Netherlands";0,0629144178;0,4597398575;0;0,1331471135;0,056795444
"Escherichia coli";2014;"NO";"Norway";0,0593740859;0,4180376028;0;0,110102489;0,0578778135
"Escherichia coli";2014;"PL";"Poland";0,0983146067;0,5970149253;0,0020429009;0,2923368022;0,1050691244
"Escherichia coli";2014;"PT";"Portugal";0,1510719294;0,5888956929;0,00020008;0,3236522777;0,1642117834
"Escherichia coli";2014;"RO";"Romania";0,1716171617;0,6798418972;0,006557377;0,312703583;0,294117647
"Escherichia coli";2014;"SI";"Slovenia";0,1126644736;0,5263157894;0;0,2327302631;0,1274671052
"Escherichia coli";2014;"SK";"Slovakia";0,2274774774;0,6454965357;0;0,4295377677;0,318335208
"Escherichia coli";2014;"UK";"United Kingdom";0,0885345064;0,6269398824;0,0014135385;0,1681837884;0,1031988426
"Escherichia coli";2015;"AT";"Austria";0,0698198198;0,4985655737;0,000210084;0,2002911813;0,0967346938
"Escherichia coli";2015;"BE";"Belgium";0,0835520559;0,5804038893;0;0,2658869395;0,0967990744
"Escherichia coli";2015;"BG";"Bulgaria";0,1978021978;0,6643356643;0;0,3529411764;0,3853658536
"Escherichia coli";2015;"CY";"Cyprus";0,1382113821;0,6829268292;0;0,4552845528;0,2845528455
"Escherichia coli";2015;"CZ";"Czechia";0,1134930643;0,5425598991;0;0,2259083728;0,1450189155
"Escherichia coli";2015;"DE";"Germany";0,0711042197;0,49365877;0,0003321523;0,1938130613;0,1029786291
"Escherichia coli";2015;"DK";"Denmark";0,0679590503;0,4527644754;0,0002471576;0,1190371991;0,074764306
"Escherichia coli";2015;"EE";"Estonia";0,093385214;0,4744897959;0;0,15234375;0,1138211382
"Escherichia coli";2015;"EL";"Greece";0,1608333333;0,5607043558;0,0115226337;0,3056255247;0,1983539094
"Escherichia coli";2015;"ES";"Spain";0,1470180305;0,6385560914;0,0001562744;0,3155459592;0,1162103298
"Escherichia coli";2015;"FI";"Finland";0,0541717049;0,3596278317;0;0,1117166212;0,0605711653
"Escherichia coli";2015;"FR";"France";0,0815015829;0,5699799013;0,0002862322;0,1774868157;0,1097638222
"Escherichia coli";2015;"HR";"Croatia";0,1269841269;0,5527831094;0;0,239884393;0,1252390057
"Escherichia coli";2015;"HU";"Hungary";0,1356435643;0,6055837563;0;0,2899554675;0,1673247778
"Escherichia coli";2015;"IE";"Ireland";0,1182917611;0,6621315192;0,0003824091;0,2307107563;0,113722517
"Escherichia coli";2015;"IT";"Italy";0,2017381656;0,6735598227;0,0019670958;0,4438282647;0,3007868383
"Escherichia coli";2015;"LT";"Lithuania";0,1012006861;0,5962199312;0;0,2058319039;0,1600688468
"Escherichia coli";2015;"LU";"Luxembourg";0,0893371757;0,6023054755;0;0,2420749279;0,1268011527
"Escherichia coli";2015;"LV";"Latvia";0,1413612565;0,5364583333;0;0,2783505154;0,1791044776
"Escherichia coli";2015;"MT";"Malta";0,1218487394;0,5546218487;0;0,3739495798;0,1176470588
"Escherichia coli";2015;"NL";"Netherlands";0,0598735589;0,472470238;0,0001860465;0,1318088864;0,0570844179
"Escherichia coli";2015;"NO";"Norway";0,0599818236;0,458017581;0,000303306;0,1021831412;0,0602847621
"Escherichia coli";2015;"PL";"Poland";0,1119544592;0,6473988439;0,0013342228;0,2788033099;0,1192546583
"Escherichia coli";2015;"PT";"Portugal";0,1383097542;0,5775545682;0,0009338812;0,2965928132;0,1609002976
"Escherichia coli";2015;"RO";"Romania";0,1830601092;0,7297297297;0,0190217391;0,307277628;0,2682926829
"Escherichia coli";2015;"SE";"Sweden";0,0642249609;0,3409090909;0,0007537214;0,1261538461;0,0623853211
"Escherichia coli";2015;"SI";"Slovenia";0,128959276;0,54826546;0;0,2460377358;0,1365007541
"Escherichia coli";2015;"SK";"Slovakia";0,2421875;0,6275626423;0;0,4418344519;0,300111982
"Escherichia coli";2015;"UK";"United Kingdom";0,0994712491;0,6578073089;0,0025468437;0,1564005505;0,1125943122
"Escherichia coli";2016;"AT";"Austria";0,078125;0,5049077345;0,0001947798;0,1983705949;0,1000569584
"Escherichia coli";2016;"BE";"Belgium";0,0840240068;0,5800321199;0,000520156;0,2454592631;0,1048969761
"Escherichia coli";2016;"BG";"Bulgaria";0,3476190476;0,7795698924;0,0089285714;0,4219409282;0,4159663865
"Escherichia coli";2016;"CY";"Cyprus";0,1610738255;0,6912751677;0;0,4697986577;0,3020134228
"Escherichia coli";2016;"CZ";"Czechia";0,1215289121;0,5505728314;0;0,2763802678;0,1506043776
"Escherichia coli";2016;"DE";"Germany";0,0695529577;0,4896910446;5,8153e-05;0,1944638287;0,1109947643
"Escherichia coli";2016;"DK";"Denmark";0,0606685926;0,4495530012;0;0,110420551;0,0656793303
"Escherichia coli";2016;"EE";"Estonia";0,074074074;0,4670912951;0;0,1387696709;0,0898716119
"Escherichia coli";2016;"EL";"Greece";0,1683320522;0,5692307692;0,0092095165;0,3213190184;0,176380368
"Escherichia coli";2016;"ES";"Spain";0,1452941176;0,6410596026;0,0005887547;0,3282330439;0,1497058823
"Escherichia coli";2016;"FI";"Finland";0,0493472007;0,3583643122;0,0002069536;0,1146006655;0,0687473639
"Escherichia coli";2016;"FR";"France";0,0791198922;0,5719238975;9,14996e-05;0,1665629721;0,1122602315
"Escherichia coli";2016;"HR";"Croatia";0,1567672833;0,5733461169;0;0,2785782901;0,147368421
"Escherichia coli";2016;"HU";"Hungary";0,1325301204;0,5738953783;0;0,2678751258;0,1670847967
"Escherichia coli";2016;"IE";"Ireland";0,112337011;0,6806020066;0,00033456;0,2290969899;0,1139028475
"Escherichia coli";2016;"IT";"Italy";0,1898338542;0,6692357096;0,0026203734;0,432605042;0,2977433479
"Escherichia coli";2016;"LT";"Lithuania";0,0796460176;0,5919395465;0;0,1974683544;0,1471698113
"Escherichia coli";2016;"LU";"Luxembourg";0,0909090909;0,5322195704;0;0,2894736842;0,1363636363
"Escherichia coli";2016;"LV";"Latvia";0,1270491803;0,5506072874;0;0,2775510204;0,2411067193
"Escherichia coli";2016;"MT";"Malta";0,1036585365;0,600609756;0;0,4146341463;0,1463414634
"Escherichia coli";2016;"NL";"Netherlands";0,0620603407;0,4593368783;0;0,1284776492;0,0640925433
"Escherichia coli";2016;"NO";"Norway";0,0550636413;0,4287690179;0,0005530973;0,1093879811;0,0555709151
"Escherichia coli";2016;"PL";"Poland";0,1328837762;0,6450676982;0,000391696;0,3306788016;0,1371827877
"Escherichia coli";2016;"PT";"Portugal";0,1314830875;0,5923423423;0,0001736111;0,2894691336;0,160615491
"Escherichia coli";2016;"RO";"Romania";0,1497584541;0,7234042553;0,00973236;0,3062200956;0,2344497607
"Escherichia coli";2016;"SI";"Slovenia";0,1063380281;0,5711267605;0;0,2556338028;0,1253521126
"Escherichia coli";2016;"SK";"Slovakia";0,2016908212;0,6230110159;0;0,4043583535;0,297330097
"Escherichia coli";2016;"UK";"United Kingdom";0,0985927652;0,6274636809;0,00030753;0,1633090066;0,0923738899
"Escherichia coli";2017;"AT";"Austria";0,0770966528;0,4953739398;0,0001913143;0,2045835662;0,0963150711
"Escherichia coli";2017;"BE";"Belgium";0,0809233218;0,5746412508;0,000214041;0,2380191693;0,0973886986
"Escherichia coli";2017;"BG";"Bulgaria";0,3624454148;0,7389162561;0;0,4210526315;0,4129554655
"Escherichia coli";2017;"CY";"Cyprus";0,2179487179;0,6538461538;0,0128205128;0,4294871794;0,3076923076
"Escherichia coli";2017;"CZ";"Czechia";0,1069084088;0,5300187617;0;0,2447639887;0,1422319474
"Escherichia coli";2017;"DE";"Germany";0,0700240234;0,4893744802;0,0001307759;0,2074978204;0,1228139037
"Escherichia coli";2017;"DK";"Denmark";0,0599375244;0,4562947799;0,000195427;0,1278547725;0,0690149498
"Escherichia coli";2017;"EE";"Estonia";0,0572519083;0,4783599088;0;0,1741357234;0,0875634517
"Escherichia coli";2017;"EL";"Greece";0,1697341513;0,5750382848;0,0156782549;0,3292349726;0,1829931972
"Escherichia coli";2017;"ES";"Spain";0,1370044783;0,6238439549;0,0001659475;0,3250302715;0,1280902604
"Escherichia coli";2017;"FI";"Finland";0,0495784825;0,3521224773;0;0,1200754005;0,0685429829
"Escherichia coli";2017;"FR";"France";0,0704418835;0,5559316933;0,0001557268;0,150210084;0,1022318753
"Escherichia coli";2017;"HR";"Croatia";0,1663778162;0,5876651982;0;0,2817391304;0,1646341463
"Escherichia coli";2017;"HU";"Hungary";0,1509708737;0,6026719445;0,0005032712;0,3061921014;0,2011661807
"Escherichia coli";2017;"IE";"Ireland";0,1194364393;0,6980942828;0,0003209242;0,2359730682;0,1198333867
"Escherichia coli";2017;"IT";"Italy";0,1841883936;0,6711623344;0,0028846153;0,4493880489;0,2948989684
"Escherichia coli";2017;"LT";"Lithuania";0,0825471698;0,5775147928;0;0,2520612485;0,1678403755
"Escherichia coli";2017;"LU";"Luxembourg";0,1039260969;0,5588914549;0;0,2286374133;0,0969976905
"Escherichia coli";2017;"LV";"Latvia";0,0952380952;0,72;0;0,44;0,36
"Escherichia coli";2017;"MT";"Malta";0,1082802547;0,5955414012;0;0,4331210191;0,1560509554
"Escherichia coli";2017;"NL";"Netherlands";0,0563864792;0,4585577498;0,0002993115;0,1416604338;0,0616397366
"Escherichia coli";2017;"NO";"Norway";0,0718113612;0,4216027874;0,0008036431;0,135620477;0,058650241
"Escherichia coli";2017;"PL";"Poland";0,1401250459;0,6944140197;0,0003648303;0,3586244541;0,1667829727
"Escherichia coli";2017;"PT";"Portugal";0,1193048379;0,5622097678;0,0032894736;0,2727272727;0,1558764167
"Escherichia coli";2017;"RO";"Romania";0,1520467836;0,6821862348;0,0039215686;0,2644787644;0,1872586872
"Escherichia coli";2017;"SI";"Slovenia";0,1142857142;0,5156794425;0;0,2487346348;0,1247386759
"Escherichia coli";2017;"SK";"Slovakia";0,2251428571;0,6494724501;0;0,4319727891;0,3091954022
"Escherichia coli";2017;"UK";"United Kingdom";0,0995803376;0,6247774636;0,0002327591;0,1746894152;0,1025604297
"Escherichia coli";2018;"AT";"Austria";0,0822649572;0,5065982404;0,0007189072;0,218524388;0,1020803949
"Escherichia coli";2018;"BE";"Belgium";0,0740450026;0,5579302587;0,0006464124;0,2180004749;0,0902239448
"Escherichia coli";2018;"BG";"Bulgaria";0,2836363636;0,6655052264;0,0136986301;0,4178082191;0,3869863013
"Escherichia coli";2018;"CY";"Cyprus";0,1986754966;0,6490066225;0,02;0,4238410596;0,3708609271
"Escherichia coli";2018;"CZ";"Czechia";0,0947021685;0,542032967;0,0005707762;0,2427157778;0,152156001
"Escherichia coli";2018;"DE";"Germany";0,0688739871;0,4893711031;0,000186185;0,1982313241;0,1218106613
"Escherichia coli";2018;"DK";"Denmark";0,057481921;0,4595950213;0;0,1325659116;0,0765570039
"Escherichia coli";2018;"EE";"Estonia";0,0624263839;0,4354485776;0;0,1761158021;0,0976470588
"Escherichia coli";2018;"EL";"Greece";0,1549295774;0,5754847645;0,0103658536;0,3077866339;0,1932926829
"Escherichia coli";2018;"ES";"Spain";0,1412165572;0,629293328;0,0003785966;0,3211659663;0,1375741512
"Escherichia coli";2018;"FI";"Finland";0,0425752855;0,3534675615;0,0001977456;0,1144160222;0,0758964143
"Escherichia coli";2018;"FR";"France";0,0739233086;0,5561220425;0,0004839099;0,1632243028;0,0959251625
"Escherichia coli";2018;"HR";"Croatia";0,1487603305;0,5774299835;0;0,3002502085;0,1481164383
"Escherichia coli";2018;"HU";"Hungary";0,1740282685;0,6271626297;0;0,3324873096;0,2261603375
"Escherichia coli";2018;"IE";"Ireland";0,1173563928;0,6762434352;0;0,2390364422;0,1288229842
"Escherichia coli";2018;"IS";"Iceland";0,0609137055;0,4898989898;0;0,171875;0,0808080808
"Escherichia coli";2018;"IT";"Italy";0,1604301616;0,6447630426;0,0036888428;0,416630306;0,2869624069
"Escherichia coli";2018;"LT";"Lithuania";0,0788757932;0,589511754;0;0,196557971;0,1532912533
"Escherichia coli";2018;"LU";"Luxembourg";0,073286052;0,5523809523;0;0,2177033492;0,125
"Escherichia coli";2018;"LV";"Latvia";0,0890804597;0,5619596541;0;0,2412790697;0,2040229885
"Escherichia coli";2018;"MT";"Malta";0,0993975903;0,5963855421;0;0,4186746987;0,1536144578
"Escherichia coli";2018;"NL";"Netherlands";0,0624376336;0,4564380436;0,0001425923;0,1492516037;0,0728854656
"Escherichia coli";2018;"NO";"Norway";0,0574742268;0,4229381443;0,0002577984;0,1287077637;0,0675431812
"Escherichia coli";2018;"PL";"Poland";0,1510820743;0,6426966292;0,0012;0,3467082197;0,1759541984
"Escherichia coli";2018;"PT";"Portugal";0,1215450643;0,5506361323;0,0053475935;0,2546012269;0,1470838292
"Escherichia coli";2018;"RO";"Romania";0,12788906;0,6217712177;0;0,2910216718;0,2018348623
"Escherichia coli";2018;"SK";"Slovakia";0,2156862745;0,6173733195;0;0,4210526315;0,3011305241
"Escherichia coli";2018;"UK";"United Kingdom";0,1047355148;0,6080943664;0,0004162797;0,1771218889;0,1096697701
